1 55261U 23007P   23060.14210718  .00029146  00000+0  10647-2 0  9997
2 55261  97.3649 134.0486 0010702 147.8811 298.9805 15.28009625  6864
1 55261U 23007P   23060.47573793  .00029046  00000+0  10604-2 0  9990
2 55261  97.3647 134.3781 0010865 147.6493 333.2874 15.28028149  6914
1 55261U 23007P   23060.80545064  .00026835  00000+0  97979-3 0  9991
2 55261  97.3652 134.7048 0010975 147.5522 345.9256 15.28039437  6965
1 55261U 23007P   23061.12461521  .00024013  00000+0  87715-3 0  9995
2 55261  97.3649 135.0194 0010995 146.2327 301.8056 15.28047222  7015
1 55261U 23007P   23061.78942016  .00020373  00000+0  74458-3 0  9995
2 55261  97.3650 135.6775 0010723 142.7404   0.0159 15.28066512  7110
1 55261U 23007P   23062.17174988  .00023049  00000+0  84113-3 0  9996
2 55261  97.3649 136.0529 0010860 142.6194 302.0131 15.28088928  7173
1 55261U 23007P   23062.49438839  .00023190  00000+0  84586-3 0  9990
2 55261  97.3648 136.3721 0010704 141.4544 276.9177 15.28104556  7223
1 55261U 23007P   23062.82830760  .00023649  00000+0  86211-3 0  9992
2 55261  97.3644 136.7023 0010397 138.9072 315.2404 15.28122171  7271
1 55261U 23007P   23063.14407502  .00023734  00000+0  86477-3 0  9991
2 55261  97.3648 137.0146 0010579 137.9872 252.1626 15.28137313  7329
1 55261U 23007P   23063.55093308  .00023801  00000+0  86668-3 0  9998
2 55261  97.3649 137.4169 0010575 136.8531 330.1170 15.28157013  7381
1 55261U 23007P   23063.88184490  .00023872  00000+0  86879-3 0  9999
2 55261  97.3649 137.7441 0010641 135.8029 350.4764 15.28173428  7430
1 55261U 23007P   23064.19665956  .00023835  00000+0  86709-3 0  9996
2 55261  97.3648 138.0554 0010513 134.3097 282.7927 15.28188473  7484
1 55261U 23007P   23064.53333769  .00023796  00000+0  86524-3 0  9999
2 55261  97.3648 138.3883 0010506 133.6329 334.5166 15.28204527  7530
1 55261U 23007P   23064.79841656  .00023911  00000+0  86897-3 0  9998
2 55261  97.3646 138.6499 0010795 133.5624 352.0090 15.28218451  7577
1 55261U 23007P   23065.18376942  .00024582  00000+0  89258-3 0  9992
2 55261  97.3646 139.0299 0010613 133.3408 310.9684 15.28242649  7632
1 55261U 23007P   23065.44806153  .00024899  00000+0  90366-3 0  9996
2 55261  97.3643 139.2924 0010414 132.5898 324.8511 15.28258074  7675
1 55261U 23007P   23065.77485929  .00025564  00000+0  92705-3 0  9995
2 55261  97.3642 139.6159 0010359 129.5909 324.6738 15.28278795  7722
1 55261U 23007P   23066.16581760  .00026893  00000+0  97406-3 0  9998
2 55261  97.3649 140.0027 0010475 130.7710 313.1535 15.28308291  7781
1 55261U 23007P   23066.49528003  .00027161  00000+0  98312-3 0  9991
2 55261  97.3653 140.3286 0010369 128.6580 326.7883 15.28327727  7836
1 55261U 23007P   23066.88699193  .00028200  00000+0  10195-2 0  9990
2 55261  97.3652 140.7158 0010765 126.5502 322.7405 15.28355211  7899
1 55261U 23007P   23067.14798715  .00028404  00000+0  10263-2 0  9992
2 55261  97.3650 140.9739 0010855 126.4195 317.9742 15.28371007  7937
1 55261U 23007P   23067.34080141  .00028418  00000+0  10265-2 0  9998
2 55261  97.3650 141.1644 0010871 125.6875 298.9156 15.28381881  7960
1 55261U 23007P   23067.80713829  .00028532  00000+0  10298-2 0  9998
2 55261  97.3646 141.6245 0010776 123.6341 345.2030 15.28408737  8033
1 55261U 23007P   23068.00619390  .00028472  00000+0  10273-2 0  9995
2 55261  97.3645 141.8214 0010676 123.1309   0.2559 15.28419319  8063
1 55261U 23007P   23068.78931551  .00027509  00000+0  99162-3 0  9991
2 55261  97.3650 142.5964 0010992 121.1557 348.4372 15.28455175  8186
1 55261U 23007P   23068.92128660  .00027265  00000+0  98268-3 0  9991
2 55261  97.3651 142.7273 0011015 121.0336 354.2485 15.28460758  8209
1 55261U 23007P   23069.17166662  .00025955  00000+0  93562-3 0  9999
2 55261  97.3647 142.9756 0011190 119.3067 292.7346 15.28463901  8246
1 55261U 23007P   23069.50691688  .00025710  00000+0  92639-3 0  9990
2 55261  97.3647 143.3067 0011301 118.3361 337.2238 15.28479540  8292
1 55261U 23007P   23069.76866274  .00025259  00000+0  91000-3 0  9992
2 55261  97.3645 143.5654 0011119 118.0834 336.8008 15.28489727  8336
1 55261U 23007P   23069.90353428  .00024681  00000+0  88924-3 0  9999
2 55261  97.3642 143.6985 0011038 117.3460 359.1842 15.28492918  8350
1 55261U 23007P   23070.09585843  .00024356  00000+0  87740-3 0  9993
2 55261  97.3644 143.8893 0011013 114.9038 339.2139 15.28500301  8386
1 55261U 23007P   23070.48889078  .00024094  00000+0  86752-3 0  9994
2 55261  97.3641 144.2776 0011107 114.2362 341.1962 15.28517774  8440
1 55261U 23007P   23070.81615699  .00023418  00000+0  84310-3 0  9994
2 55261  97.3634 144.6006 0010943 114.3460 340.7564 15.28529518  8496
1 55261U 23007P   23071.20711826  .00023266  00000+0  83720-3 0  9992
2 55261  97.3633 144.9870 0010984 112.6778 332.3931 15.28546928  8551
1 55261U 23007P   23071.47686522  .00023275  00000+0  83718-3 0  9992
2 55261  97.3635 145.2540 0010994 111.9369  16.5404 15.28559589  8597
1 55261U 23007P   23071.80059005  .00023215  00000+0  83468-3 0  9995
2 55261  97.3634 145.5741 0010990 111.1032 357.6317 15.28574265  8643
1 55261U 23007P   23072.17868169  .00023152  00000+0  83198-3 0  9995
2 55261  97.3633 145.9482 0011065 110.3805 277.6115 15.28591247  8704
1 55261U 23007P   23072.45796035  .00023093  00000+0  82954-3 0  9991
2 55261  97.3631 146.2245 0011059 109.4076  14.4466 15.28603558  8744
1 55261U 23007P   23072.59111196  .00023076  00000+0  82880-3 0  9994
2 55261  97.3631 146.3561 0011047 108.9083  27.2038 15.28609545  8766
1 55261U 23007P   23072.78283375  .00016182  00000+0  58263-3 0  9992
2 55261  97.3620 146.5453 0011156 109.0503   1.3984 15.28601584  8797
1 55261U 23007P   23072.91546198  .00017015  00000+0  61237-3 0  9993
2 55261  97.3628 146.6776 0010948 107.6427  12.1812 15.28605963  8819
1 55261U 23007P   23073.10211334  .00022586  00000+0  81084-3 0  9997
2 55261  97.3630 146.8616 0010967 107.0122 319.3176 15.28628805  8842
1 55261U 23007P   23073.30025220  .00022499  00000+0  80754-3 0  9992
2 55261  97.3627 147.0577 0010997 106.2787 329.7186 15.28637066  8876
1 55261U 23007P   23073.50686530  .00022310  00000+0  80066-3 0  9999
2 55261  97.3629 147.2620 0010836 104.7691  27.4980 15.28644763  8908
1 55261U 23007P   23073.76237167  .00019096  00000+0  68601-3 0  9993
2 55261  97.3624 147.5144 0010886 105.4741 351.9413 15.28642098  8945
1 55261U 23007P   23074.08928063  .00019091  00000+0  68561-3 0  9991
2 55261  97.3624 147.8380 0010839 104.0924 351.1878 15.28654790  8990
1 55261U 23007P   23074.15343083  .00019267  00000+0  69183-3 0  9998
2 55261  97.3624 147.9019 0010794 104.4984 343.5866 15.28658072  9002
1 55261U 23007P   23074.21866486  .00019134  00000+0  68700-3 0  9999
2 55261  97.3623 147.9663 0010777 104.0211 342.8264 15.28660352  9015
1 55261U 23007P   23074.41093652  .00020188  00000+0  72441-3 0  9996
2 55261  97.3624 148.1568 0010747 103.4048 320.8753 15.28670995  9047
1 55261U 23007P   23074.48808891  .00021015  00000+0  75368-3 0  9993
2 55261  97.3630 148.2333 0010837 103.0480  25.5582 15.28678869  9059
1 55261U 23007P   23074.86884023  .00020828  00000+0  74667-3 0  9998
2 55261  97.3628 148.6097 0010857 102.5487 320.0848 15.28693945  9117
1 55261U 23007P   23075.19490992  .00020676  00000+0  74093-3 0  9997
2 55261  97.3628 148.9322 0010903 101.3006 314.6415 15.28706756  9166
1 55261U 23007P   23075.46937493  .00020739  00000+0  74291-3 0  9999
2 55261  97.3629 149.2038 0010915 100.1562  25.2966 15.28718654  9203
1 55261U 23007P   23075.79939453  .00020737  00000+0  74253-3 0  9999
2 55261  97.3628 149.5302 0010917  99.0793  41.4377 15.28732400  9259
1 55261U 23007P   23076.17610291  .00020664  00000+0  73961-3 0  9992
2 55261  97.3627 149.9030 0010906  97.8561 314.5250 15.28747633  9312
1 55261U 23007P   23076.45132450  .00020625  00000+0  73797-3 0  9993
2 55261  97.3625 150.1754 0010891  96.9396  29.1485 15.28758668  9359
1 55261U 23007P   23076.77577161  .00020574  00000+0  73587-3 0  9990
2 55261  97.3625 150.4963 0010844  95.7725  14.7733 15.28771522  9401
1 55261U 23007P   23077.15819943  .00020290  00000+0  72549-3 0  9992
2 55261  97.3622 150.8742 0010832  93.9485 319.9531 15.28784649  9463
1 55261U 23007P   23077.49860720  .00020227  00000+0  72295-3 0  9996
2 55261  97.3621 151.2108 0010835  93.2710  32.9049 15.28797871  9513
1 55261U 23007P   23077.81534766  .00020233  00000+0  72289-3 0  9990
2 55261  97.3624 151.5246 0010815  91.9392 336.3544 15.28810591  9562
1 55261U 23007P   23078.14540546  .00019774  00000+0  70641-3 0  9998
2 55261  97.3627 151.8510 0010712  90.7143 352.9343 15.28820051  9618
1 55261U 23007P   23078.48078006  .00018872  00000+0  67427-3 0  9998
2 55261  97.3622 152.1823 0010771  90.7788  37.4576 15.28825803  9662
1 55261U 23007P   23078.60765218  .00018718  00000+0  66876-3 0  9996
2 55261  97.3623 152.3079 0010660  90.3773  15.6807 15.28829599  9688
1 55261U 23007P   23078.74711498  .00018172  00000+0  64937-3 0  9992
2 55261  97.3626 152.4465 0010493  89.5866  63.5283 15.28830850  9703
1 55261U 23007P   23078.94718764  .00017448  00000+0  62358-3 0  9997
2 55261  97.3626 152.6447 0010607  89.6801  83.8609 15.28833063  9731
1 55261U 23007P   23079.12303100  .00017080  00000+0  61042-3 0  9993
2 55261  97.3628 152.8195 0010696  89.0643 331.6518 15.28836886  9763
1 55261U 23007P   23079.46293398  .00016713  00000+0  59723-3 0  9992
2 55261  97.3628 153.1548 0010772  88.0768  42.1875 15.28845738  9813
1 55261U 23007P   23079.79213243  .00016186  00000+0  57839-3 0  9999
2 55261  97.3626 153.4801 0010802  86.9931  53.9512 15.28853234  9862
1 55261U 23007P   23079.91872851  .00015971  00000+0  57070-3 0  9997
2 55261  97.3625 153.6050 0010812  86.7146  30.5425 15.28855808  9881
1 55261U 23007P   23080.10981271  .00015723  00000+0  56181-3 0  9994
2 55261  97.3624 153.7948 0010865  84.8401   3.4373 15.28860320  9918
1 55261U 23007P   23080.44467566  .00015509  00000+0  55410-3 0  9993
2 55261  97.3624 154.1257 0010801  83.5172  46.6241 15.28869506  9960
1 55261U 23007P   23080.76551619  .00015355  00000+0  54850-3 0  9997
2 55261  97.3625 154.4434 0010659  82.1352  12.7523 15.28878425 10012
1 55261U 23007P   23080.96640137  .00015165  00000+0  54165-3 0  9991
2 55261  97.3623 154.6426 0010688  81.7725  38.0647 15.28883414 10049
1 55261U 23007P   23081.09209719  .00015178  00000+0  54205-3 0  9992
2 55261  97.3623 154.7670 0010697  81.5856   9.6361 15.28887421 10065
1 55261U 23007P   23081.49100772  .00015170  00000+0  54156-3 0  9992
2 55261  97.3622 155.1614 0010674  80.4228  44.9964 15.28899677 10127
1 55261U 23007P   23081.81979975  .00015306  00000+0  54620-3 0  9994
2 55261  97.3622 155.4864 0010615  79.3930  54.5567 15.28910769 10176
1 55261U 23007P   23082.13827058  .00015510  00000+0  55327-3 0  9996
2 55261  97.3620 155.8011 0010573  78.0626   7.6612 15.28922196 10226
1 55261U 23007P   23082.47298241  .00015783  00000+0  56272-3 0  9991
2 55261  97.3617 156.1321 0010494  77.0054  49.8445 15.28934771 10275
1 55261U 23007P   23082.80256630  .00019256  00000+0  68516-3 0  9997
2 55261  97.3617 156.4586 0010405  78.1934  61.6242 15.28959585 10325
1 55261U 23007P   23083.12025426  .00020157  00000+0  71667-3 0  9993
2 55261  97.3614 156.7734 0010439  76.8651  10.4726 15.28974456 10376
1 55261U 23007P   23083.31257532  .00020515  00000+0  72916-3 0  9995
2 55261  97.3610 156.9640 0010375  76.5595 348.6978 15.28983598 10409
1 55261U 23007P   23083.45483141  .00020859  00000+0  74114-3 0  9990
2 55261  97.3608 157.1051 0010403  76.2313  51.5516 15.28990531 10427
1 55261U 23007P   23083.51970826  .00020873  00000+0  74155-3 0  9999
2 55261  97.3608 157.1692 0010410  76.0845  48.5749 15.28993316 10433
1 55261U 23007P   23083.78546856  .00021370  00000+0  75881-3 0  9990
2 55261  97.3605 157.4318 0010433  74.3202  72.2493 15.29006189 10479
1 55261U 23007P   23084.16182646  .00023812  00000+0  84436-3 0  9995
2 55261  97.3603 157.8037 0010320  72.9399 343.9575 15.29030333 10539
1 55261U 23007P   23084.48904145  .00024314  00000+0  86160-3 0  9990
2 55261  97.3603 158.1276 0010254  71.8668 345.0390 15.29047258 10588
1 55261U 23007P   23084.76748006  .00023699  00000+0  83968-3 0  9991
2 55261  97.3604 158.4029 0010251  71.2266  77.3758 15.29058299 10628
1 55261U 23007P   23084.96820428  .00022924  00000+0  81221-3 0  9992
2 55261  97.3603 158.6014 0010270  70.7327 102.0583 15.29064371 10659
1 55261U 23007P   23085.14338782  .00022437  00000+0  79492-3 0  9996
2 55261  97.3604 158.7750 0010268  70.6510 345.8399 15.29071013 10684
1 55261U 23007P   23085.47786578  .00020562  00000+0  72865-3 0  9996
2 55261  97.3600 159.1052 0010308  69.8852  26.6025 15.29080529 10732
1 55261U 23007P   23085.81277887  .00018593  00000+0  65919-3 0  9995
2 55261  97.3603 159.4365 0010173  69.4991  69.3859 15.29087723 10782
1 55261U 23007P   23085.94995431  .00017692  00000+0  62739-3 0  9997
2 55261  97.3599 159.5725 0010148  69.3817 104.1230 15.29089904 10802
1 55261U 23007P   23086.13071406  .00017246  00000+0  61161-3 0  9999
2 55261  97.3598 159.7515 0010127  68.5088  19.3873 15.29095240 10831
1 55261U 23007P   23086.46438097  .00016188  00000+0  57414-3 0  9998
2 55261  97.3597 160.0822 0010221  66.8062  56.6559 15.29103716 10882
1 55261U 23007P   23086.79465992  .00020899  00000+0  73934-3 0  9997
2 55261  97.3608 160.4084 0010414  65.7681  74.6805 15.29132070 10933
1 55261U 23007P   23086.92095353  .00020739  00000+0  73365-3 0  9993
2 55261  97.3608 160.5334 0010375  65.4773  49.7474 15.29136066 10953
1 55261U 23007P   23087.23307944  .00020029  00000+0  70848-3 0  9995
2 55261  97.3605 160.8428 0010556  64.4218 327.8847 15.29143225 11007
1 55261U 23007P   23087.57360003  .00019743  00000+0  69821-3 0  9997
2 55261  97.3606 161.1794 0010460  64.0935  41.5420 15.29154883 11058
1 55261U 23007P   23087.90275091  .00018908  00000+0  66877-3 0  9996
2 55261  97.3597 161.5047 0010197  61.4902  54.9145 15.29162078 11107
1 55261U 23007P   23088.22442909  .00018384  00000+0  65015-3 0  9997
2 55261  97.3596 161.8225 0010366  58.3120  27.7720 15.29170900 11157
1 55261U 23007P   23088.35135025  .00018335  00000+0  64832-3 0  9991
2 55261  97.3594 161.9478 0010362  57.9749   6.3611 15.29175230 11179
1 55261U 23007P   23088.55650188  .00018221  00000+0  64422-3 0  9994
2 55261  97.3596 162.1508 0010295  57.3655  55.6085 15.29182043 11209
1 55261U 23007P   23088.76002853  .00017762  00000+0  62798-3 0  9990
2 55261  97.3597 162.3529 0010227  57.4960  95.1748 15.29186756 11233
1 55261U 23007P   23088.88536159  .00017353  00000+0  61358-3 0  9991
2 55261  97.3596 162.4762 0010291  57.1219  65.0646 15.29188970 11252
1 55261U 23007P   23089.20577219  .00017329  00000+0  61255-3 0  9999
2 55261  97.3598 162.7934 0010216  56.6985  28.2469 15.29200184 11301
1 55261U 23007P   23089.41004560  .00017349  00000+0  61309-3 0  9998
2 55261  97.3599 162.9959 0010184  56.0101  72.7648 15.29207512 11337
1 55261U 23007P   23089.86492887  .00017444  00000+0  61613-3 0  9994
2 55261  97.3599 163.4462 0010163  54.7144  56.6664 15.29224296 11406
1 55261U 23007P   23090.52174817  .00017813  00000+0  62861-3 0  9995
2 55261  97.3596 164.0966 0010001  52.3506  72.6710 15.29250179 11506
1 55261U 23007P   23090.85104918  .00018128  00000+0  63938-3 0  9992
2 55261  97.3595 164.4225 0010146  50.5088  86.2594 15.29263970 11551
1 55261U 23007P   23091.16859422  .00018510  00000+0  65251-3 0  9999
2 55261  97.3595 164.7365 0009879  49.9703  33.8895 15.29278154 11604
1 55261U 23007P   23091.50146157  .00018635  00000+0  65662-3 0  9995
2 55261  97.3595 165.0660 0009945  48.4143  66.8429 15.29291320 11656
1 55261U 23007P   23091.83255574  .00018887  00000+0  66515-3 0  9992
2 55261  97.3596 165.3933 0009997  47.1815  89.7351 15.29305162 11706
1 55261U 23007P   23092.15008764  .00019042  00000+0  67031-3 0  9993
2 55261  97.3597 165.7079 0009877  47.1243  36.8484 15.29318035 11752
1 55261U 23007P   23092.48487209  .00019048  00000+0  67029-3 0  9997
2 55261  97.3596 166.0391 0009880  45.8477  80.1145 15.29330795 11809
1 55261U 23007P   23092.81434809  .00019086  00000+0  67134-3 0  9991
2 55261  97.3595 166.3649 0009907  44.0141  94.7442 15.29343463 11858
1 55261U 23007P   23093.13212778  .00018898  00000+0  66458-3 0  9994
2 55261  97.3596 166.6795 0009824  43.7565  43.4515 15.29354028 11905
1 55261U 23007P   23093.52855999  .00018753  00000+0  65922-3 0  9990
2 55261  97.3598 167.0717 0009777  42.8903  65.5417 15.29367871 11961
1 55261U 23007P   23093.85628476  .00018574  00000+0  65276-3 0  9997
2 55261  97.3598 167.3962 0009698  41.8613  69.7682 15.29378720 12017
1 55261U 23007P   23094.17841294  .00018347  00000+0  64462-3 0  9992
2 55261  97.3598 167.7156 0009754  40.8376  43.2084 15.29389090 12064
1 55261U 23007P   23094.51340196  .00018297  00000+0  64267-3 0  9992
2 55261  97.3598 168.0471 0009735  39.7440  87.5018 15.29401088 12112
1 55261U 23007P   23094.77889465  .00018314  00000+0  64306-3 0  9991
2 55261  97.3597 168.3096 0009745  39.0040 109.0669 15.29410999 12154
1 55261U 23007P   23094.97033655  .00018298  00000+0  64234-3 0  9996
2 55261  97.3598 168.4989 0009776  38.0587  83.3914 15.29418033 12183
1 55261U 23007P   23095.15974094  .00018344  00000+0  64384-3 0  9996
2 55261  97.3597 168.6866 0009697  37.3014  46.3255 15.29425494 12217
1 55261U 23007P   23095.49442162  .00018338  00000+0  64335-3 0  9998
2 55261  97.3598 169.0178 0009720  36.0141  89.1617 15.29437828 12269
1 55261U 23007P   23095.82314936  .00018562  00000+0  65090-3 0  9990
2 55261  97.3597 169.3431 0009727  34.9785  99.0154 15.29451698 12314
1 55261U 23007P   23096.20677159  .00018933  00000+0  66347-3 0  9990
2 55261  97.3596 169.7226 0009748  33.4632  51.4316 15.29469021 12374
1 55261U 23007P   23096.33391991  .00019027  00000+0  66664-3 0  9998
2 55261  97.3596 169.8485 0009645  33.1796  31.3596 15.29474538 12394
1 55261U 23007P   23096.53895657  .00019264  00000+0  67470-3 0  9997
2 55261  97.3592 170.0510 0009685  32.6142  80.1654 15.29484267 12427
1 55261U 23007P   23096.86582557  .00019856  00000+0  69490-3 0  9996
2 55261  97.3594 170.3746 0009828  32.2253  79.2111 15.29501082 12478
1 55261U 23007P   23097.18800066  .00020389  00000+0  71319-3 0  9996
2 55261  97.3595 170.6928 0009310  31.4146  52.8693 15.29517511 12524
1 55261U 23007P   23097.52263625  .00020698  00000+0  72357-3 0  9994
2 55261  97.3596 171.0248 0009406  30.2374  95.4659 15.29533099 12570
1 55261U 23007P   23097.85137027  .00020919  00000+0  73087-3 0  9993
2 55261  97.3595 171.3501 0009561  28.0277 106.6318 15.29547895 12625
1 55261U 23007P   23098.16924097  .00021020  00000+0  73411-3 0  9994
2 55261  97.3592 171.6648 0009352  26.9215  56.9324 15.29561591 12672
1 55261U 23007P   23098.49835374  .00021064  00000+0  73531-3 0  9990
2 55261  97.3589 171.9906 0009322  25.7489  69.1778 15.29575573 12725
1 55261U 23007P   23098.76356769  .00021138  00000+0  73763-3 0  9995
2 55261  97.3586 172.2529 0009447  23.9546  90.4261 15.29586988 12769
1 55261U 23007P   23099.14554286  .00020832  00000+0  72674-3 0  9992
2 55261  97.3592 172.6313 0009268  23.4154  32.9559 15.29600479 12822
1 55261U 23007P   23099.34324841  .00020664  00000+0  72077-3 0  9996
2 55261  97.3590 172.8269 0009225  23.1667  41.1765 15.29607442 12852
1 55261U 23007P   23099.54803329  .00020554  00000+0  71680-3 0  9998
2 55261  97.3590 173.0296 0009192  21.8023  89.4783 15.29615153 12885
1 55261U 23007P   23099.75185245  .00020347  00000+0  70949-3 0  9998
2 55261  97.3588 173.2310 0009178  20.5532 132.3503 15.29621925 12912
1 55261U 23007P   23099.87831970  .00020066  00000+0  69968-3 0  9991
2 55261  97.3588 173.3562 0009044  20.4134 108.4444 15.29625226 12939
1 55261U 23007P   23100.06649253  .00019851  00000+0  69213-3 0  9999
2 55261  97.3589 173.5427 0008988  20.6397  63.7482 15.29631292 12969
1 55261U 23007P   23100.39000324  .00019646  00000+0  68479-3 0  9990
2 55261  97.3588 173.8630 0008930  19.9074  44.8011 15.29642784 13010
1 55261U 23007P   23100.59443777  .00019578  00000+0  68230-3 0  9994
2 55261  97.3589 174.0656 0008886  18.8305  90.9157 15.29650402 13049
1 55261U 23007P   23100.79634454  .00019410  00000+0  67635-3 0  9993
2 55261  97.3586 174.2652 0008825  17.9337 122.9413 15.29657170 13075
1 55261U 23007P   23100.92247924  .00019273  00000+0  67151-3 0  9990
2 55261  97.3585 174.3901 0008725  17.6972  97.3216 15.29661141 13094
1 55261U 23007P   23101.10939155  .00019146  00000+0  66696-3 0  9997
2 55261  97.3585 174.5752 0008965  16.8201  46.8179 15.29667676 13122
1 55261U 23007P   23101.38406854  .00019107  00000+0  66541-3 0  9998
2 55261  97.3584 174.8473 0008928  15.6985 119.5611 15.29677999 13161
1 55261U 23007P   23101.58045345  .00019032  00000+0  66266-3 0  9995
2 55261  97.3584 175.0419 0008892  14.6327 121.3907 15.29685069 13192
1 55261U 23007P   23101.89906623  .00018861  00000+0  65654-3 0  9993
2 55261  97.3579 175.3569 0008821  13.3189  76.1315 15.29696000 13242
1 55261U 23007P   23102.22353997  .00018787  00000+0  65373-3 0  9996
2 55261  97.3579 175.6783 0008888  11.8820  63.2669 15.29707813 13290
1 55261U 23007P   23102.49429988  .00018733  00000+0  65168-3 0  9992
2 55261  97.3579 175.9462 0008879  10.6983 114.5527 15.29717626 13335
1 55261U 23007P   23102.82335216  .00018707  00000+0  65052-3 0  9992
2 55261  97.3578 176.2718 0008877   9.2920 126.8802 15.29729649 13380
1 55261U 23007P   23103.47470134  .00018565  00000+0  64518-3 0  9991
2 55261  97.3577 176.9172 0008769   7.2142 113.6629 15.29752812 13484
1 55261U 23007P   23103.85701811  .00018501  00000+0  64272-3 0  9999
2 55261  97.3577 177.2959 0008721   5.6442  59.3415 15.29766455 13548
1 55261U 23007P   23104.18757522  .00018358  00000+0  63757-3 0  9993
2 55261  97.3576 177.6234 0008675   4.7404  79.5029 15.29777590 13595
1 55261U 23007P   23104.45644414  .00018294  00000+0  63517-3 0  9991
2 55261  97.3575 177.8895 0008630   3.8316 120.1742 15.29787030 13632
1 55261U 23007P   23104.85085265  .00018208  00000+0  63196-3 0  9996
2 55261  97.3573 178.2800 0008539   2.2477 132.4652 15.29800935 13692
1 55261U 23007P   23105.16865302  .00018174  00000+0  63056-3 0  9996
2 55261  97.3572 178.5947 0008556   1.1004  82.7078 15.29812466 13746
1 55261U 23007P   23105.50330851  .00018201  00000+0  63127-3 0  9990
2 55261  97.3572 178.9261 0008532 359.6916 125.9937 15.29824934 13798
1 55261U 23007P   23105.83240738  .00018346  00000+0  63601-3 0  9997
2 55261  97.3569 179.2515 0008503 358.9211 138.0777 15.29838014 13845
1 55261U 23007P   23106.54757206  .00018637  00000+0  64549-3 0  9994
2 55261  97.3572 179.9606 0008329 356.2639 116.9561 15.29866749 13952
1 55261U 23007P   23106.81386253  .00018860  00000+0  65293-3 0  9999
2 55261  97.3572 180.2243 0008332 355.7296 143.1568 15.29878209 13998
1 55261U 23007P   23107.19643359  .00019096  00000+0  66074-3 0  9994
2 55261  97.3572 180.6030 0008281 353.4370  91.1422 15.29894294 14058
1 55261U 23007P   23107.52878731  .00019219  00000+0  66468-3 0  9999
2 55261  97.3572 180.9323 0008317 352.1976 121.6904 15.29907869 14107
1 55261U 23007P   23107.85196734  .00019402  00000+0  67068-3 0  9992
2 55261  97.3573 181.2525 0008403 351.2146 101.5030 15.29921306 14155
1 55261U 23007P   23108.43393723  .00019508  00000+0  67386-3 0  9994
2 55261  97.3571 181.8285 0008221 348.6106  67.3916 15.29944508 14247
1 55261U 23007P   23108.89774271  .00019560  00000+0  67526-3 0  9999
2 55261  97.3572 182.2879 0008247 346.9900 101.9250 15.29962696 14315
1 55261U 23007P   23109.35107201  .00019594  00000+0  67607-3 0  9991
2 55261  97.3573 182.7369 0008235 345.0447  79.1523 15.29980692 14380
1 55261U 23007P   23109.62673449  .00019610  00000+0  67638-3 0  9996
2 55261  97.3573 183.0098 0008190 344.0210 157.5333 15.29991670 14423
1 55261U 23007P   23109.95937758  .00019651  00000+0  67751-3 0  9999
2 55261  97.3574 183.3393 0008182 342.7689 189.8010 15.30005032 14476
1 55261U 23007P   23110.13457252  .00019675  00000+0  67821-3 0  9991
2 55261  97.3574 183.5127 0008163 342.0709  74.8573 15.30012148 14505
1 55261U 23007P   23110.46864346  .00019730  00000+0  67980-3 0  9991
2 55261  97.3574 183.8435 0008175 340.5622 115.2677 15.30025824 14555
1 55261U 23007P   23110.80374950  .00019847  00000+0  68349-3 0  9995
2 55261  97.3574 184.1753 0008169 339.5099 160.9374 15.30039939 14600
1 55261U 23007P   23110.92983487  .00019896  00000+0  68507-3 0  9999
2 55261  97.3574 184.3002 0008167 339.1487 135.3506 15.30045346 14628
1 55261U 23007P   23111.58888808  .00020123  00000+0  69227-3 0  9998
2 55261  97.3572 184.9529 0008056 335.9961 166.3757 15.30073292 14728
1 55261U 23007P   23111.78053589  .00020180  00000+0  69401-3 0  9997
2 55261  97.3571 185.1428 0008101 335.3408 141.9986 15.30081226 14751
1 55261U 23007P   23111.91003825  .00020163  00000+0  69334-3 0  9996
2 55261  97.3571 185.2711 0008099 334.5980 135.6173 15.30086229 14777
1 55261U 23007P   23112.09799172  .00020151  00000+0  69279-3 0  9998
2 55261  97.3571 185.4571 0008038 333.5946  91.2599 15.30093612 14804
1 55261U 23007P   23112.43654828  .00020135  00000+0  69195-3 0  9993
2 55261  97.3570 185.7925 0008067 332.3349 156.2054 15.30107005 14850
1 55261U 23007P   23112.83051672  .00020099  00000+0  69037-3 0  9999
2 55261  97.3569 186.1824 0008252 330.7571 166.5165 15.30122280 14912
1 55261U 23007P   23113.48281947  .00019758  00000+0  67826-3 0  9995
2 55261  97.3568 186.8285 0008123 328.3730 159.7658 15.30145646 15010
1 55261U 23007P   23113.74893190  .00019580  00000+0  67199-3 0  9999
2 55261  97.3567 187.0917 0008252 326.7905 186.2859 15.30154848 15059
1 55261U 23007P   23113.93747784  .00018637  00000+0  63985-3 0  9998
2 55261  97.3566 187.2791 0007793 325.4605 145.5491 15.30156545 15081
1 55261U 23007P   23114.45070721  .00019767  00000+0  67789-3 0  9997
2 55261  97.3562 187.7886 0007845 322.8835  93.4894 15.30180031 15165
1 55261U 23007P   23114.59598341  .00019905  00000+0  68247-3 0  9999
2 55261  97.3562 187.9326 0007874 322.4316 173.7033 15.30186347 15183
1 55261U 23007P   23114.71993686  .00021484  00000+0  73601-3 0  9999
2 55261  97.3559 188.0551 0007865 323.3050 135.2225 15.30196790 15208
1 55261U 23007P   23115.44499595  .00027773  00000+0  94830-3 0  9994
2 55261  97.3562 188.7720 0008007 321.0227 169.1764 15.30251393 15314
1 55261U 23007P   23115.57164778  .00027801  00000+0  94906-3 0  9996
2 55261  97.3561 188.8975 0007965 320.5361 146.9275 15.30258430 15332
1 55261U 23007P   23116.09117531  .00025341  00000+0  86509-3 0  9996
2 55261  97.3556 189.4124 0008017 319.8997 127.7454 15.30276533 15413
1 55261U 23007P   23116.55326711  .00021013  00000+0  71803-3 0  9992
2 55261  97.3560 189.8697 0007665 317.6865 153.9652 15.30285792 15480
1 55261U 23007P   23116.94108823  .00015934  00000+0  54548-3 0  9999
2 55261  97.3558 190.2537 0007494 312.7092 134.0520 15.30284880 15542
1 55261U 23007P   23117.07322513  .00014670  00000+0  50248-3 0  9997
2 55261  97.3556 190.3847 0007578 310.7589 143.4757 15.30286030 15564
1 55261U 23007P   23117.46021130  .00013397  00000+0  45905-3 0  9990
2 55261  97.3554 190.7686 0007677 310.7600 114.0176 15.30294096 15628
1 55261U 23007P   23117.60393905  .00021708  00000+0  74067-3 0  9994
2 55261  97.3564 190.9114 0007759 312.8722 183.2580 15.30326700 15643
1 55261U 23007P   23117.80013377  .00021456  00000+0  73194-3 0  9998
2 55261  97.3566 191.1065 0008037 312.7194 183.5683 15.30332866 15675
1 55261U 23007P   23118.17716895  .00020456  00000+0  69794-3 0  9994
2 55261  97.3567 191.4815 0007683 312.5440  99.5277 15.30340991 15730
1 55261U 23007P   23118.50502381  .00019953  00000+0  68066-3 0  9995
2 55261  97.3566 191.8053 0007647 310.6245 106.4972 15.30350713 15787
1 55261U 23007P   23118.78307780  .00019408  00000+0  66206-3 0  9990
2 55261  97.3566 192.0802 0007762 308.3846 199.6041 15.30357788 15826
1 55261U 23007P   23119.09949609  .00018189  00000+0  62063-3 0  9999
2 55261  97.3558 192.3928 0007962 309.6654 140.4009 15.30361822 15879
1 55261U 23007P   23119.43343392  .00017685  00000+0  60340-3 0  9990
2 55261  97.3559 192.7233 0007817 306.7720 181.8663 15.30370680 15927
1 55261U 23007P   23119.56137130  .00016627  00000+0  56757-3 0  9997
2 55261  97.3553 192.8502 0007677 305.5578 167.4569 15.30369279 15942
1 55261U 23007P   23119.76456628  .00015912  00000+0  54328-3 0  9993
2 55261  97.3551 193.0518 0007628 304.9086 206.8367 15.30371769 15977
1 55261U 23007P   23120.14465764  .00015506  00000+0  52936-3 0  9990
2 55261  97.3559 193.4276 0007586 301.8609 142.5840 15.30381401 16034
1 55261U 23007P   23120.47818095  .00015504  00000+0  52912-3 0  9997
2 55261  97.3559 193.7580 0007672 300.5247 180.2451 15.30391803 16084
1 55261U 23007P   23120.80850566  .00015337  00000+0  52331-3 0  9992
2 55261  97.3556 194.0854 0007597 298.1758 201.3206 15.30401333 16133
1 55261U 23007P   23121.18062495  .00015327  00000+0  52277-3 0  9998
2 55261  97.3557 194.4541 0007557 295.8426  92.5115 15.30412851 16195
1 55261U 23007P   23121.51132330  .00015381  00000+0  52444-3 0  9997
2 55261  97.3556 194.7822 0007572 294.5786 114.5854 15.30423390 16242
1 55261U 23007P   23121.85384123  .00015527  00000+0  52922-3 0  9996
2 55261  97.3555 195.1218 0007579 293.6088 201.4552 15.30434641 16294
1 55261U 23007P   23122.17146529  .00015492  00000+0  52787-3 0  9998
2 55261  97.3556 195.4365 0007534 291.7906 152.1171 15.30444096 16340
1 55261U 23007P   23122.42802172  .00015461  00000+0  52669-3 0  9994
2 55261  97.3555 195.6905 0007505 290.5917 125.9285 15.30451768 16380
1 55261U 23007P   23122.56914561  .00015441  00000+0  52595-3 0  9991
2 55261  97.3555 195.8304 0007513 290.0119 183.5465 15.30455978 16403
1 55261U 23007P   23122.77164959  .00015384  00000+0  52391-3 0  9992
2 55261  97.3556 196.0310 0007587 289.5416 219.0187 15.30461699 16434
1 55261U 23007P   23122.96215601  .00015296  00000+0  52088-3 0  9999
2 55261  97.3556 196.2196 0007561 288.6725 188.8350 15.30466939 16463
1 55261U 23007P   23123.08837626  .00015200  00000+0  51757-3 0  9997
2 55261  97.3556 196.3447 0007543 288.0627 164.4263 15.30470068 16481
1 55261U 23007P   23123.47422662  .00015090  00000+0  51369-3 0  9996
2 55261  97.3555 196.7270 0007546 286.4192 130.6189 15.30481085 16540
1 55261U 23007P   23123.61390045  .00015050  00000+0  51227-3 0  9990
2 55261  97.3556 196.8654 0007575 285.8382 180.2687 15.30485080 16569
1 55261U 23007P   23123.75319492  .00014989  00000+0  51015-3 0  9997
2 55261  97.3556 197.0034 0007599 285.1119 227.9755 15.30488824 16587
1 55261U 23007P   23123.93711793  .00014871  00000+0  50608-3 0  9994
2 55261  97.3556 197.1858 0007564 283.7467 162.0564 15.30493503 16615
1 55261U 23007P   23124.12828872  .00014815  00000+0  50411-3 0  9993
2 55261  97.3557 197.3751 0007555 283.3153 135.1165 15.30498862 16642
1 55261U 23007P   23124.44634558  .00014724  00000+0  50090-3 0  9996
2 55261  97.3557 197.6903 0007561 282.0440  87.6876 15.30507701 16694
1 55261U 23007P   23124.60006360  .00014697  00000+0  49993-3 0  9997
2 55261  97.3557 197.8428 0007573 281.2803 214.8655 15.30512104 16710
1 55261U 23007P   23124.85369433  .00014616  00000+0  49706-3 0  9990
2 55261  97.3557 198.0943 0007592 280.0317 172.6781 15.30518992 16759
1 55261U 23007P   23125.04811069  .00014540  00000+0  49441-3 0  9991
2 55261  97.3558 198.2870 0007585 279.8700 163.3561 15.30524204 16784
1 55261U 23007P   23125.44894001  .00014514  00000+0  49337-3 0  9997
2 55261  97.3558 198.6843 0007577 277.9285 212.4062 15.30535864 16849
1 55261U 23007P   23125.83466260  .00014498  00000+0  49265-3 0  9993
2 55261  97.3560 199.0667 0007555 276.1985 178.0763 15.30546996 16905
1 55261U 23007P   23126.09552216  .00014493  00000+0  49239-3 0  9995
2 55261  97.3561 199.3253 0007540 275.0712 175.6082 15.30554603 16945
1 55261U 23007P   23126.49408097  .00014541  00000+0  49381-3 0  9998
2 55261  97.3562 199.7204 0007553 273.6072 211.7234 15.30566608 17000
1 55261U 23007P   23128.12239421  .00015572  00000+0  52763-3 0  9996
2 55261  97.3560 201.3343 0007731 267.7793 184.0309 15.30623081 17255
1 55261U 23007P   23128.45029902  .00015780  00000+0  53444-3 0  9991
2 55261  97.3558 201.6597 0007790 266.2113 191.2826 15.30634853 17300
1 55261U 23007P   23128.78044522  .00016117  00000+0  54557-3 0  9993
2 55261  97.3554 201.9866 0007678 264.9113 210.6265 15.30647666 17352
1 55261U 23007P   23128.90701753  .00016255  00000+0  55012-3 0  9993
2 55261  97.3555 202.1120 0007679 265.0505 187.4963 15.30652617 17377
1 55261U 23007P   23129.50146016  .00016721  00000+0  56539-3 0  9998
2 55261  97.3556 202.7009 0007694 261.5343 224.5229 15.30675245 17468
1 55261U 23007P   23130.54453241  .00017671  00000+0  59655-3 0  9992
2 55261  97.3554 203.7357 0007638 256.0972 214.1324 15.30717124 17620
1 55261U 23007P   23130.87159385  .00017845  00000+0  60212-3 0  9994
2 55261  97.3552 204.0598 0007615 255.1041 216.2730 15.30729877 17678
1 55261U 23007P   23131.19438120  .00017995  00000+0  60690-3 0  9993
2 55261  97.3551 204.3793 0007737 252.4036 196.5995 15.30742410 17723
1 55261U 23007P   23131.52756549  .00018081  00000+0  60955-3 0  9999
2 55261  97.3551 204.7101 0007762 250.9794 232.9183 15.30755011 17772
1 55261U 23007P   23131.85627395  .00018278  00000+0  61591-3 0  9996
2 55261  97.3547 205.0353 0007702 250.1525 244.0079 15.30768210 17827
1 55261U 23007P   23132.17481086  .00018360  00000+0  61839-3 0  9994
2 55261  97.3545 205.3511 0007785 248.2892 200.1303 15.30780418 17872
1 55261U 23007P   23132.50918126  .00018371  00000+0  61853-3 0  9999
2 55261  97.3546 205.6825 0007800 246.9282 242.9611 15.30792773 17929
1 55261U 23007P   23132.89483626  .00018449  00000+0  62087-3 0  9999
2 55261  97.3544 206.0646 0007797 245.4391 208.3769 15.30807331 17986
1 55261U 23007P   23133.15524758  .00018503  00000+0  62246-3 0  9999
2 55261  97.3544 206.3227 0007830 244.7797 203.2186 15.30817354 18023
1 55261U 23007P   23133.48422321  .00018529  00000+0  62310-3 0  9998
2 55261  97.3544 206.6488 0007848 243.5068 216.2947 15.30829708 18072
1 55261U 23007P   23133.81813272  .00018650  00000+0  62689-3 0  9998
2 55261  97.3544 206.9798 0007807 242.0062 256.7882 15.30842775 18124
1 55261U 23007P   23134.13642464  .00018636  00000+0  62620-3 0  9996
2 55261  97.3545 207.2956 0007860 240.4104 211.3752 15.30854498 18176
1 55261U 23007P   23134.46472931  .00018606  00000+0  62497-3 0  9991
2 55261  97.3544 207.6208 0007867 239.0458 220.8896 15.30866508 18227
1 55261U 23007P   23134.60203515  .00018595  00000+0  62450-3 0  9993
2 55261  97.3544 207.7571 0007877 238.5890 257.5672 15.30871527 18244
1 55261U 23007P   23134.79620340  .00018548  00000+0  62280-3 0  9991
2 55261  97.3543 207.9495 0007910 237.6639 247.8895 15.30878344 18275
1 55261U 23007P   23134.92502655  .00018401  00000+0  61782-3 0  9998
2 55261  97.3542 208.0774 0007894 237.7920 237.2614 15.30881969 18292
1 55261U 23007P   23135.18007127  .00018302  00000+0  61437-3 0  9998
2 55261  97.3543 208.3304 0007838 236.7762 202.9654 15.30890593 18337
1 55261U 23007P   23135.45067543  .00018214  00000+0  61123-3 0  9990
2 55261  97.3544 208.5985 0007879 236.0307 254.1047 15.30899899 18375
1 55261U 23007P   23135.84388759  .00017962  00000+0  60260-3 0  9998
2 55261  97.3542 208.9887 0007980 235.6204 260.2012 15.30912401 18434
1 55261U 23007P   23136.16205708  .00000332  00000+0  13626-4 0  9994
2 55261  97.3584 209.3081 0008142 229.7294 218.4645 15.30922324 18482
1 55261U 23007P   23137.12649170  .00011904  00000+0  40025-3 0  9995
2 55261  97.3554 210.2608 0008246 229.3882 130.6643 15.30933267 18637
1 55261U 23007P   23137.45329992  .00011794  00000+0  39649-3 0  9995
2 55261  97.3554 210.5849 0008276 228.1412 131.9123 15.30941247 18685
1 55261U 23007P   23137.78010681  .00011272  00000+0  37898-3 0  9998
2 55261  97.3553 210.9089 0008304 226.9055 133.1492 15.30948934 18734
1 55261U 23007P   23137.84546791  .00011382  00000+0  38262-3 0  9999
2 55261  97.3553 210.9738 0008314 226.6510 133.4039 15.30950624 18749
1 55261U 23007P   23138.10691200  .00011426  00000+0  38401-3 0  9999
2 55261  97.3553 211.2329 0008335 225.6039 134.4520 15.30956904 18784
1 55261U 23007P   23138.49907609  .00011287  00000+0  37927-3 0  9991
2 55261  97.3553 211.6218 0008361 224.2300 135.8273 15.30965447 18849
1 55261U 23007P   23138.56443663  .00011268  00000+0  37863-3 0  9992
2 55261  97.3553 211.6866 0008365 224.0140 136.0436 15.30966922 18856
1 55261U 23007P   23138.69515752  .00011065  00000+0  37181-3 0  9993
2 55261  97.3553 211.8162 0008376 223.5021 136.5561 15.30969662 18871
1 55261U 23007P   23138.89123818  .00011400  00000+0  38292-3 0  9990
2 55261  97.3553 212.0106 0008397 222.7217 137.3372 15.30974319 18901
1 55261U 23007P   23139.08731832  .00011863  00000+0  39829-3 0  9993
2 55261  97.3552 212.2050 0008416 221.8546 138.2053 15.30979380 18939
1 55261U 23007P   23139.41411689  .00011945  00000+0  40092-3 0  9990
2 55261  97.3551 212.5290 0008435 220.6246 139.4367 15.30987327 18988
1 55261U 23007P   23139.74091391  .00012209  00000+0  40961-3 0  9999
2 55261  97.3551 212.8530 0008458 219.3744 140.6883 15.30995964 19031
1 55261U 23007P   23139.93699107  .00012493  00000+0  41898-3 0  9994
2 55261  97.3550 213.0475 0008489 218.5192 141.5444 15.31001160 19066
1 55261U 23007P   23140.13306766  .00012874  00000+0  43160-3 0  9991
2 55261  97.3549 213.2419 0008501 217.7456 142.3190 15.31006969 19095
1 55261U 23007P   23140.45985919  .00018231  00000+0  60938-3 0  9994
2 55261  97.3548 213.5659 0008518 216.5712 143.4949 15.31023059 19142
1 55261U 23007P   23140.78664864  .00018129  00000+0  60578-3 0  9999
2 55261  97.3547 213.8900 0008556 215.2783 144.7893 15.31034246 19196
1 55261U 23007P   23140.91736340  .00017471  00000+0  58388-3 0  9998
2 55261  97.3547 214.0197 0008569 214.7401 145.3281 15.31038388 19214
1 55261U 23007P   23141.11343525  .00016688  00000+0  55776-3 0  9997
2 55261  97.3547 214.2141 0008575 214.0790 145.9902 15.31044749 19243
1 55261U 23007P   23141.44021954  .00016083  00000+0  53749-3 0  9999
2 55261  97.3546 214.5382 0008598 212.9312 147.1395 15.31055411 19297
1 55261U 23007P   23141.57093295  .00015185  00000+0  50763-3 0  9995
2 55261  97.3546 214.6678 0008604 212.5237 147.5475 15.31058518 19313
1 55261U 23007P   23141.76700202  .00015337  00000+0  51255-3 0  9995
2 55261  97.3545 214.8623 0008630 211.8083 148.2638 15.31065422 19348
1 55261U 23007P   23141.89771397  .00016803  00000+0  56110-3 0  9996
2 55261  97.3545 214.9919 0008642 211.3535 148.7192 15.31071681 19363
1 55261U 23007P   23142.15913740  .00016748  00000+0  55913-3 0  9994
2 55261  97.3544 215.2512 0008664 210.3680 149.7060 15.31080367 19400
1 55261U 23007P   23142.48591401  .00019855  00000+0  66181-3 0  9997
2 55261  97.3543 215.5753 0008684 209.1809 150.8948 15.31094896 19455
1 55261U 23007P   23142.55126945  .00017218  00000+0  57445-3 0  9996
2 55261  97.3543 215.6400 0008698 208.9348 151.1412 15.31093663 19467
1 55261U 23007P   23142.74733437  .00016671  00000+0  55621-3 0  9993
2 55261  97.3542 215.8345 0008718 208.2028 151.8742 15.31099758 19494
1 55261U 23007P   23142.87804376  .00016672  00000+0  55618-3 0  9995
2 55261  97.3542 215.9642 0008735 207.7199 152.3577 15.31103983 19518
1 55261U 23007P   23143.13946161  .00016720  00000+0  55760-3 0  9996
2 55261  97.3541 216.2234 0008752 206.7173 153.3619 15.31112930 19552
1 55261U 23007P   23143.46623169  .00016756  00000+0  55864-3 0  9996
2 55261  97.3541 216.5475 0008771 205.5853 154.4956 15.31123491 19601
1 55261U 23007P   23143.79299965  .00016393  00000+0  54642-3 0  9995
2 55261  97.3540 216.8715 0008793 204.3584 155.7243 15.31134046 19658
1 55261U 23007P   23143.92370634  .00014888  00000+0  49653-3 0  9996
2 55261  97.3540 217.0012 0008828 203.8547 156.2286 15.31136159 19675
1 55261U 23007P   23144.11976579  .00015061  00000+0  50218-3 0  9991
2 55261  97.3540 217.1956 0008836 203.1721 156.9123 15.31142428 19706
1 55261U 23007P   23144.44652967  .00014896  00000+0  49657-3 0  9999
2 55261  97.3539 217.5197 0008871 202.0563 158.0298 15.31151662 19757
1 55261U 23007P   23144.57723502  .00013311  00000+0  44405-3 0  9994
2 55261  97.3539 217.6494 0008885 201.6300 158.4567 15.31153352 19770
1 55261U 23007P   23145.55751441  .00014441  00000+0  48106-3 0  9993
2 55261  97.3538 218.6216 0008991 198.2159 161.8761 15.31180637 19920
1 55261U 23007P   23145.75356833  .00014196  00000+0  47287-3 0  9997
2 55261  97.3538 218.8161 0009017 197.4958 162.5974 15.31185776 19955
1 55261U 23007P   23145.88427048  .00013635  00000+0  45429-3 0  9991
2 55261  97.3539 218.9457 0009034 197.0162 163.0778 15.31188573 19975
1 55261U 23007P   23146.14567401  .00012858  00000+0  42848-3 0  9997
2 55261  97.3538 219.2049 0009063 196.0210 164.0746 15.31195105 20012
1 55261U 23007P   23146.53777701  .00012411  00000+0  41358-3 0  9996
2 55261  97.3538 219.5938 0009103 194.6628 165.4351 15.31204919 20071
1 55261U 23007P   23146.73382767  .00011952  00000+0  39833-3 0  9996
2 55261  97.3539 219.7883 0009122 193.9642 166.1348 15.31209781 20102
1 55261U 23007P   23146.86452768  .00011446  00000+0  38157-3 0  9995
2 55261  97.3539 219.9179 0009147 193.5046 166.5952 15.31212449 20125
1 55261U 23007P   23147.12592719  .00011570  00000+0  38560-3 0  9992
2 55261  97.3539 220.1772 0009152 192.5826 167.5189 15.31218996 20169
1 55261U 23007P   23147.45267502  .00010701  00000+0  35679-3 0  9990
2 55261  97.3539 220.5013 0009184 191.4465 168.6569 15.31225153 20216
1 55261U 23007P   23147.84477087  .00010095  00000+0  33665-3 0  9993
2 55261  97.3540 220.8902 0009218 190.1225 169.9832 15.31233119 20270
1 55261U 23007P   23147.91011992  .00010393  00000+0  34651-3 0  9997
2 55261  97.3540 220.9551 0009223 189.9084 170.1977 15.31234799 20286
1 55261U 23007P   23148.10616657  .00011675  00000+0  38878-3 0  9997
2 55261  97.3540 221.1495 0009242 189.2109 170.8965 15.31240930 20310
1 55261U 23007P   23148.23686373  .00012955  00000+0  43101-3 0  9990
2 55261  97.3540 221.2791 0009251 188.7975 171.3106 15.31245958 20335
1 55261U 23007P   23148.43290931  .00013754  00000+0  45731-3 0  9992
2 55261  97.3540 221.4735 0009266 188.1396 171.9696 15.31250921 20361
1 55261U 23007P   23148.75965071  .00014187  00000+0  47146-3 0  9994
2 55261  97.3541 221.7976 0009302 187.0316 173.0796 15.31259569 20410
1 55261U 23007P   23148.89034669  .00013653  00000+0  45381-3 0  9995
2 55261  97.3542 221.9272 0009326 186.5563 173.5558 15.31262189 20431
1 55261U 23007P   23149.15173789  .00013009  00000+0  43247-3 0  9996
2 55261  97.3542 222.1864 0009358 185.5630 174.5509 15.31268524 20470
1 55261U 23007P   23149.41312783  .00012169  00000+0  40469-3 0  9993
2 55261  97.3542 222.4457 0009381 184.6316 175.4840 15.31273907 20512
1 55261U 23007P   23149.54382245  .00012040  00000+0  40036-3 0  9995
2 55261  97.3543 222.5754 0009394 184.1760 175.9405 15.31277140 20533
1 55261U 23007P   23149.73986379  .00012173  00000+0  40471-3 0  9994
2 55261  97.3543 222.7698 0009412 183.4775 176.6402 15.31282557 20567
1 55261U 23007P   23149.87055757  .00012135  00000+0  40339-3 0  9997
2 55261  97.3543 222.8995 0009441 183.0346 177.0840 15.31285789 20583
1 55261U 23007P   23150.13194440  .00012905  00000+0  42870-3 0  9998
2 55261  97.3543 223.1587 0009460 182.0871 178.0333 15.31293578 20625
1 55261U 23007P   23150.45867614  .00012675  00000+0  42098-3 0  9999
2 55261  97.3544 223.4827 0009489 180.9578 179.1646 15.31301494 20679
1 55261U 23007P   23150.58936830  .00013522  00000+0  44884-3 0  9997
2 55261  97.3544 223.6123 0009496 180.5399 179.5834 15.31306203 20693
1 55261U 23007P   23150.72006014  .00013660  00000+0  45333-3 0  9998
2 55261  97.3544 223.7420 0009508 180.1027 180.0214 15.31310162 20713
1 55261U 23007P   23150.85075165  .00013672  00000+0  45369-3 0  9997
2 55261  97.3545 223.8716 0009525 179.6785 180.4464 15.31313642 20735
1 55261U 23007P   23151.11213394  .00013650  00000+0  45285-3 0  9998
2 55261  97.3545 224.1309 0009532 178.8045 181.3221 15.31320884 20776
1 55261U 23007P   23151.43885967  .00013997  00000+0  46415-3 0  9994
2 55261  97.3546 224.4550 0009546 177.7773 182.3513 15.31330190 20821
1 55261U 23007P   23151.56954936  .00015122  00000+0  50109-3 0  9998
2 55261  97.3546 224.5846 0009549 177.3691 182.7602 15.31335416 20849
1 55261U 23007P   23151.76558326  .00015333  00000+0  50795-3 0  9998
2 55261  97.3547 224.7791 0009565 176.7385 183.3920 15.31341693 20879
1 55261U 23007P   23151.89627214  .00015530  00000+0  51434-3 0  9995
2 55261  97.3547 224.9088 0009589 176.3007 183.8307 15.31345542 20896
1 55261U 23007P   23152.09230473  .00015861  00000+0  52513-3 0  9991
2 55261  97.3547 225.1032 0009603 175.6363 184.4964 15.31352175 20922
1 55261U 23007P   23152.41902338  .00017879  00000+0  59123-3 0  9998
2 55261  97.3548 225.4273 0009615 174.5508 185.5839 15.31365361 20974
1 55261U 23007P   23152.87642531  .00017678  00000+0  58430-3 0  9991
2 55261  97.3548 225.8811 0009661 173.0118 187.1260 15.31381674 21048
1 55261U 23007P   23153.13779563  .00017451  00000+0  57668-3 0  9998
2 55261  97.3548 226.1403 0009681 172.1156 188.0239 15.31391173 21088
1 55261U 23007P   23153.39916460  .00015616  00000+0  51631-3 0  9990
2 55261  97.3547 226.3996 0009701 171.2439 188.8973 15.31397836 21123
1 55261U 23007P   23153.52984874  .00015499  00000+0  51241-3 0  9995
2 55261  97.3547 226.5292 0009706 170.8596 189.2824 15.31401844 21145
1 55261U 23007P   23153.72587419  .00014746  00000+0  48760-3 0  9997
2 55261  97.3547 226.7237 0009725 170.2268 189.9164 15.31407610 21171
1 55261U 23007P   23153.85655737  .00014603  00000+0  48284-3 0  9993
2 55261  97.3547 226.8533 0009758 169.8538 190.2902 15.31411227 21197
1 55261U 23007P   23154.11792293  .00014719  00000+0  48654-3 0  9991
2 55261  97.3547 227.1126 0009774 168.9846 191.1612 15.31419206 21237
1 55261U 23007P   23154.44462814  .00014065  00000+0  46495-3 0  9995
2 55261  97.3546 227.4367 0009791 167.9726 192.1751 15.31427096 21287
1 55261U 23007P   23154.50996912  .00013611  00000+0  45004-3 0  9994
2 55261  97.3546 227.5016 0009788 167.7695 192.3786 15.31428082 21295
1 55261U 23007P   23154.77133171  .00014806  00000+0  48911-3 0  9990
2 55261  97.3545 227.7609 0009803 166.9583 193.1914 15.31436830 21336
1 55261U 23007P   23154.83667213  .00014625  00000+0  48316-3 0  9994
2 55261  97.3545 227.8257 0009810 166.7625 193.3876 15.31438387 21348
1 55261U 23007P   23155.09803342  .00014945  00000+0  49355-3 0  9997
2 55261  97.3545 228.0851 0009835 165.9162 194.2356 15.31445713 21383
1 55261U 23007P   23155.42473299  .00014150  00000+0  46734-3 0  9994
2 55261  97.3544 228.4092 0009847 164.8697 195.2840 15.31453521 21438
1 55261U 23007P   23155.55541235  .00014259  00000+0  47086-3 0  9995
2 55261  97.3544 228.5389 0009848 164.4467 195.7078 15.31457269 21453
1 55261U 23007P   23155.75143078  .00014301  00000+0  47217-3 0  9994
2 55261  97.3543 228.7333 0009867 163.8255 196.3304 15.31462875 21483
1 55261U 23007P   23155.88210894  .00015261  00000+0  50353-3 0  9990
2 55261  97.3543 228.8630 0009892 163.4546 196.7020 15.31467863 21505
1 55261U 23007P   23156.20880302  .00016137  00000+0  53205-3 0  9996
2 55261  97.3542 229.1872 0009914 162.3922 197.7664 15.31479783 21551
1 55261U 23007P   23156.40481851  .00016379  00000+0  53987-3 0  9999
2 55261  97.3542 229.3817 0009917 161.7629 198.3970 15.31485845 21588
1 55261U 23007P   23156.53549488  .00016653  00000+0  54875-3 0  9996
2 55261  97.3541 229.5114 0009924 161.3558 198.8049 15.31490739 21607
1 55261U 23007P   23156.86218385  .00017054  00000+0  56166-3 0  9992
2 55261  97.3540 229.8355 0009973 160.3957 199.7670 15.31503216 21652
1 55261U 23007P   23157.12353407  .00015270  00000+0  50316-3 0  9996
2 55261  97.3539 230.0949 0009983 159.5445 200.6198 15.31509724 21697
1 55261U 23007P   23157.45022012  .00013700  00000+0  45169-3 0  9993
2 55261  97.3538 230.4192 0009982 158.4998 201.6665 15.31517107 21740
1 55261U 23007P   23157.51555722  .00013013  00000+0  42917-3 0  9994
2 55261  97.3538 230.4840 0009990 158.3208 201.8458 15.31518016 21755
1 55261U 23007P   23157.71156741  .00013619  00000+0  44893-3 0  9991
2 55261  97.3537 230.6785 0009999 157.6956 202.4722 15.31524993 21780
1 55261U 23007P   23157.90757698  .00013981  00000+0  46069-3 0  9999
2 55261  97.3537 230.8731 0010014 157.0914 203.0776 15.31530789 21811
1 55261U 23007P   23158.10358610  .00013998  00000+0  46116-3 0  9994
2 55261  97.3537 231.0676 0010019 156.4354 203.7349 15.31536223 21843
1 55261U 23007P   23158.43026658  .00012953  00000+0  42687-3 0  9993
2 55261  97.3536 231.3917 0010047 155.4123 204.7599 15.31543164 21892
1 55261U 23007P   23158.56093835  .00012789  00000+0  42147-3 0  9996
2 55261  97.3536 231.5214 0010047 155.0446 205.1283 15.31546416 21919
1 55261U 23007P   23158.75694535  .00012582  00000+0  41463-3 0  9992
2 55261  97.3535 231.7159 0010074 154.4466 205.7275 15.31551398 21948
1 55261U 23007P   23158.88761630  .00012817  00000+0  42226-3 0  9996
2 55261  97.3535 231.8456 0010083 154.0354 206.1395 15.31554793 21963
1 55261U 23007P   23159.08362229  .00013293  00000+0  43777-3 0  9991
2 55261  97.3535 232.0401 0010104 153.3987 206.7775 15.31560275 21997
1 55261U 23007P   23159.41029712  .00013795  00000+0  45403-3 0  9990
2 55261  97.3534 232.3643 0010121 152.3265 207.8517 15.31569330 22048
1 55261U 23007P   23159.54096667  .00013648  00000+0  44918-3 0  9994
2 55261  97.3534 232.4940 0010124 151.9036 208.2754 15.31572612 22060
1 55261U 23007P   23159.60630125  .00013751  00000+0  45253-3 0  9992
2 55261  97.3534 232.5588 0010130 151.7038 208.4756 15.31574720 22073
1 55261U 23007P   23160.12897497  .00013902  00000+0  45722-3 0  9997
2 55261  97.3533 233.0775 0010183 150.0445 210.1381 15.31589968 22151
1 55261U 23007P   23160.45564393  .00012487  00000+0  41093-3 0  9993
2 55261  97.3533 233.4017 0010180 148.9530 211.2315 15.31596584 22209
1 55261U 23007P   23160.52097757  .00012312  00000+0  40521-3 0  9998
2 55261  97.3533 233.4665 0010187 148.7763 211.4085 15.31598034 22210
1 55261U 23007P   23160.71697795  .00011863  00000+0  39049-3 0  9990
2 55261  97.3533 233.6611 0010198 148.1595 212.0265 15.31602902 22242
1 55261U 23007P   23160.84764441  .00012030  00000+0  39590-3 0  9995
2 55261  97.3533 233.7907 0010206 147.7664 212.4203 15.31606377 22261
1 55261U 23007P   23161.17430957  .00012303  00000+0  40470-3 0  9996
2 55261  97.3534 234.1149 0010218 146.7207 213.4679 15.31615031 22311
1 55261U 23007P   23161.43564060  .00012145  00000+0  39948-3 0  9990
2 55261  97.3534 234.3743 0010214 145.9261 214.2639 15.31620437 22355
1 55261U 23007P   23161.56630579  .00012326  00000+0  40533-3 0  9996
2 55261  97.3535 234.5040 0010216 145.5259 214.6647 15.31623676 22376
1 55261U 23007P   23161.76230302  .00012603  00000+0  41429-3 0  9991
2 55261  97.3535 234.6985 0010223 144.8992 215.2925 15.31628739 22404
1 55261U 23007P   23161.89296740  .00012608  00000+0  41442-3 0  9993
2 55261  97.3535 234.8282 0010241 144.5450 215.6474 15.31631795 22423
1 55261U 23007P   23162.15429546  .00012981  00000+0  42648-3 0  9998
2 55261  97.3536 235.0875 0010254 143.6617 216.5323 15.31638885 22468
1 55261U 23007P   23162.41562225  .00013149  00000+0  43189-3 0  9997
2 55261  97.3536 235.3468 0010253 142.8043 217.3910 15.31645265 22508
1 55261U 23007P   23162.54628529  .00013384  00000+0  43951-3 0  9999
2 55261  97.3537 235.4765 0010257 142.3802 217.8159 15.31648785 22524
1 55261U 23007P   23162.67694810  .00012868  00000+0  42263-3 0  9990
2 55261  97.3537 235.6062 0010269 141.9778 218.2191 15.31651694 22542
1 55261U 23007P   23162.87294147  .00013351  00000+0  43831-3 0  9991
2 55261  97.3538 235.8007 0010297 141.3952 218.8027 15.31657275 22571
1 55261U 23007P   23163.13426509  .00013403  00000+0  43991-3 0  9995
2 55261  97.3538 236.0600 0010329 140.5809 219.6186 15.31664436 22618
1 55261U 23007P   23163.39558759  .00012417  00000+0  40771-3 0  9993
2 55261  97.3538 236.3193 0010338 139.7532 220.4477 15.31669648 22658
1 55261U 23007P   23163.52624853  .00012122  00000+0  39804-3 0  9995
2 55261  97.3539 236.4490 0010336 139.3082 220.8933 15.31672547 22679
1 55261U 23007P   23163.85289931  .00012992  00000+0  42627-3 0  9997
2 55261  97.3540 236.7732 0010352 138.3257 221.8775 15.31682252 22729
1 55261U 23007P   23163.91822931  .00012793  00000+0  41976-3 0  9992
2 55261  97.3540 236.8380 0010358 138.1138 222.0898 15.31683593 22730
1 55261U 23007P   23164.17954802  .00012927  00000+0  42403-3 0  9999
2 55261  97.3541 237.0973 0010366 137.2824 222.9226 15.31691320 22778
1 55261U 23007P   23164.50619449  .00016000  00000+0  52382-3 0  9994
2 55261  97.3542 237.4214 0010363 136.2476 223.9588 15.31703415 22827
1 55261U 23007P   23164.57152357  .00016079  00000+0  52637-3 0  9990
2 55261  97.3542 237.4862 0010363 136.0491 224.1576 15.31705526 22837
1 55261U 23007P   23164.76751004  .00017237  00000+0  56388-3 0  9999
2 55261  97.3542 237.6807 0010376 135.4822 224.7255 15.31713045 22861
1 55261U 23007P   23164.89816734  .00016555  00000+0  54166-3 0  9999
2 55261  97.3542 237.8104 0010391 135.1046 225.1038 15.31716308 22886
1 55261U 23007P   23165.09415291  .00015197  00000+0  49744-3 0  9992
2 55261  97.3543 238.0049 0010401 134.5127 225.6966 15.31720808 22912
1 55261U 23007P   23165.48612185  .00013095  00000+0  42900-3 0  9998
2 55261  97.3543 238.3939 0010412 133.2871 226.9241 15.31729390 22978
1 55261U 23007P   23165.55144996  .00011644  00000+0  38179-3 0  9997
2 55261  97.3543 238.4588 0010414 133.1147 227.0967 15.31729370 22982
1 55261U 23007P   23165.74743323  .00011886  00000+0  38959-3 0  9991
2 55261  97.3544 238.6533 0010425 132.5521 227.6603 15.31735072 23010
1 55261U 23007P   23165.81276087  .00011469  00000+0  37604-3 0  9990
2 55261  97.3544 238.7181 0010429 132.3686 227.8441 15.31736166 23022
1 55261U 23007P   23166.13939853  .00011062  00000+0  36270-3 0  9990
2 55261  97.3544 239.0423 0010448 131.3276 228.8867 15.31743369 23071
1 55261U 23007P   23166.40070737  .00010439  00000+0  34240-3 0  9999
2 55261  97.3544 239.3017 0010449 130.4924 229.7230 15.31748444 23112
1 55261U 23007P   23166.53136145  .00011032  00000+0  36164-3 0  9996
2 55261  97.3544 239.4313 0010447 130.0915 230.1244 15.31752092 23133
1 55261U 23007P   23166.79266855  .00011695  00000+0  38308-3 0  9993
2 55261  97.3544 239.6906 0010454 129.2825 230.9345 15.31759488 23171
1 55261U 23007P   23167.11930088  .00012585  00000+0  41188-3 0  9995
2 55261  97.3544 240.0148 0010467 128.2349 231.9836 15.31768589 23223
1 55261U 23007P   23167.44593036  .00016730  00000+0  54622-3 0  9992
2 55261  97.3544 240.3390 0010461 127.2062 233.0136 15.31782551 23276
1 55261U 23007P   23167.51125619  .00016091  00000+0  52547-3 0  9992
2 55261  97.3544 240.4038 0010464 127.0196 233.2005 15.31783581 23287
1 55261U 23007P   23167.64190730  .00016082  00000+0  52511-3 0  9993
2 55261  97.3544 240.5335 0010464 126.6213 233.5993 15.31787941 23309
1 55261U 23007P   23167.83788297  .00015658  00000+0  51125-3 0  9993
2 55261  97.3544 240.7281 0010472 126.0605 234.1609 15.31794142 23334
1 55261U 23007P   23168.03385769  .00016861  00000+0  55010-3 0  9997
2 55261  97.3544 240.9226 0010478 125.4672 234.7550 15.31802392 23369
1 55261U 23007P   23168.42580439  .00016107  00000+0  52545-3 0  9994
2 55261  97.3544 241.3117 0010477 124.2738 235.9497 15.31815771 23427
1 55261U 23007P   23168.49112861  .00015722  00000+0  51296-3 0  9995
2 55261  97.3544 241.3765 0010478 124.1211 236.1026 15.31817503 23439
1 55261U 23007P   23168.75242450  .00014970  00000+0  48846-3 0  9993
2 55261  97.3543 241.6359 0010488 123.3936 236.8310 15.31825781 23470
1 55261U 23007P   23168.88307191  .00014686  00000+0  47919-3 0  9995
2 55261  97.3543 241.7656 0010490 123.0488 237.1763 15.31829591 23494
1 55261U 23007P   23169.07904271  .00013599  00000+0  44392-3 0  9993
2 55261  97.3543 241.9601 0010502 122.4626 237.7633 15.31834320 23529
1 55261U 23007P   23169.34033580  .00013028  00000+0  42532-3 0  9990
2 55261  97.3542 242.2195 0010507 121.6598 238.5669 15.31841266 23563
1 55261U 23007P   23169.47098222  .00012261  00000+0  40044-3 0  9992
2 55261  97.3542 242.3492 0010494 121.2077 239.0194 15.31843459 23584
1 55261U 23007P   23169.73227391  .00011904  00000+0  38877-3 0  9996
2 55261  97.3541 242.6086 0010498 120.4283 239.7997 15.31850147 23624
1 55261U 23007P   23169.79759657  .00011730  00000+0  38312-3 0  9998
2 55261  97.3541 242.6735 0010499 120.2325 239.9958 15.31851660 23632
1 55261U 23007P   23170.05888690  .00011570  00000+0  37787-3 0  9996
2 55261  97.3541 242.9329 0010510 119.4534 240.7758 15.31857814 23679
1 55261U 23007P   23170.38549760  .00013043  00000+0  42543-3 0  9997
2 55261  97.3539 243.2571 0010502 118.4069 241.8232 15.31868207 23725
1 55261U 23007P   23170.51614162  .00012911  00000+0  42114-3 0  9998
2 55261  97.3539 243.3869 0010494 118.0195 242.2109 15.31871216 23746
1 55261U 23007P   23170.71210691  .00013261  00000+0  43238-3 0  9996
2 55261  97.3538 243.5814 0010495 117.4118 242.8192 15.31877168 23779
1 55261U 23007P   23170.84274994  .00013616  00000+0  44381-3 0  9990
2 55261  97.3538 243.7111 0010495 117.0471 243.1843 15.31881117 23797
1 55261U 23007P   23171.10403525  .00013521  00000+0  44064-3 0  9997
2 55261  97.3537 243.9705 0010507 116.3454 243.8868 15.31888246 23833
1 55261U 23007P   23171.36531896  .00014271  00000+0  46479-3 0  9993
2 55261  97.3537 244.2299 0010497 115.4586 244.7743 15.31896532 23872
1 55261U 23007P   23171.49596059  .00013888  00000+0  45237-3 0  9993
2 55261  97.3536 244.3596 0010494 115.0595 245.1737 15.31899400 23892
1 55261U 23007P   23171.75724265  .00014304  00000+0  46569-3 0  9997
2 55261  97.3536 244.6190 0010493 114.2964 245.9375 15.31907448 23938
1 55261U 23007P   23171.82256283  .00014918  00000+0  48551-3 0  9999
2 55261  97.3536 244.6839 0010488 114.0964 246.1376 15.31910097 23949
1 55261U 23007P   23172.14916320  .00014667  00000+0  47723-3 0  9991
2 55261  97.3535 245.0082 0010507 113.1776 247.0574 15.31919383 23998
1 55261U 23007P   23172.47576146  .00013544  00000+0  44086-3 0  9997
2 55261  97.3534 245.3324 0010510 112.1276 248.1082 15.31927270 24044
1 55261U 23007P   23172.54108093  .00013398  00000+0  43612-3 0  9998
2 55261  97.3534 245.3973 0010510 111.9182 248.3178 15.31929006 24055
1 55261U 23007P   23172.80235770  .00013736  00000+0  44691-3 0  9994
2 55261  97.3533 245.6567 0010512 111.1725 249.0641 15.31937237 24095
1 55261U 23007P   23173.12895147  .00015310  00000+0  49755-3 0  9996
2 55261  97.3532 245.9809 0010519 110.2977 249.9397 15.31949135 24145
1 55261U 23007P   23173.45554282  .00016012  00000+0  52003-3 0  9994
2 55261  97.3531 246.3052 0010520 109.1946 251.0435 15.31960125 24198
1 55261U 23007P   23173.71681461  .00016626  00000+0  53968-3 0  9995
2 55261  97.3531 246.5646 0010504 108.4001 251.8384 15.31969357 24237
1 55261U 23007P   23174.10871941  .00016447  00000+0  53370-3 0  9991
2 55261  97.3530 246.9538 0010500 107.2264 253.0128 15.31981904 24292
1 55261U 23007P   23174.43530445  .00014931  00000+0  48471-3 0  9990
2 55261  97.3530 247.2780 0010490 106.1971 254.0425 15.31989907 24344
1 55261U 23007P   23174.76188778  .00014954  00000+0  48531-3 0  9996
2 55261  97.3530 247.6023 0010479 105.1959 255.0442 15.31999507 24392
1 55261U 23007P   23175.08846868  .00015566  00000+0  50485-3 0  9994
2 55261  97.3530 247.9266 0010486 104.2856 255.9551 15.32010101 24449
1 55261U 23007P   23175.34973161  .00015639  00000+0  50708-3 0  9999
2 55261  97.3529 248.1860 0010487 103.4697 256.7714 15.32018486 24483
1 55261U 23007P   23175.67630855  .00015964  00000+0  51739-3 0  9991
2 55261  97.3529 248.5102 0010481 102.4355 257.8060 15.32029300 24539
1 55261U 23007P   23176.13351206  .00017662  00000+0  57170-3 0  9995
2 55261  97.3529 248.9642 0010487 101.0815 259.1607 15.32046405 24609
1 55261U 23007P   23176.39476903  .00017520  00000+0  56699-3 0  9993
2 55261  97.3529 249.2236 0010490 100.2408 260.0017 15.32054833 24649
1 55261U 23007P   23176.65602489  .00015507  00000+0  50218-3 0  9996
2 55261  97.3529 249.4830 0010474  99.4159 260.8268 15.32061297 24687
1 55261U 23007P   23177.11321886  .00015202  00000+0  49212-3 0  9991
2 55261  97.3530 249.9368 0010469  98.0526 262.1904 15.32076009 24754
1 55261U 23007P   23177.37447064  .00015315  00000+0  49565-3 0  9992
2 55261  97.3530 250.1962 0010459  97.2077 263.0354 15.32084053 24790
1 55261U 23007P   23177.70103424  .00013971  00000+0  45234-3 0  9993
2 55261  97.3531 250.5205 0010443  96.1669 264.0763 15.32091750 24846
1 55261U 23007P   23177.83165877  .00014659  00000+0  47439-3 0  9990
2 55261  97.3531 250.6502 0010430  95.7855 264.4576 15.32096481 24869
1 55261U 23007P   23178.35415488  .00013740  00000+0  44465-3 0  9990
2 55261  97.3532 251.1690 0010426  94.2508 265.9925 15.32109848 24943
1 55261U 23007P   23178.74602368  .00013742  00000+0  44459-3 0  9993
2 55261  97.3533 251.5581 0010414  93.0892 267.1542 15.32120777 25008
1 55261U 23007P   23179.13788993  .00013342  00000+0  43158-3 0  9997
2 55261  97.3534 251.9472 0010417  91.9224 268.3211 15.32130894 25064
1 55261U 23007P   23179.39913259  .00012121  00000+0  39233-3 0  9993
2 55261  97.3534 252.2066 0010407  91.1043 269.1391 15.32136154 25105
1 55261U 23007P   23179.72568458  .00011675  00000+0  37790-3 0  9996
2 55261  97.3535 252.5309 0010395  90.0963 270.1470 15.32144191 25159
1 55261U 23007P   23180.11754497  .00010438  00000+0  33811-3 0  9997
2 55261  97.3536 252.9200 0010388  88.9169 271.3263 15.32151916 25213
1 55261U 23007P   23180.44409336  .00011280  00000+0  36506-3 0  9992
2 55261  97.3537 253.2442 0010367  87.9358 272.3070 15.32159847 25265
1 55261U 23007P   23180.77064033  .00011748  00000+0  37996-3 0  9992
2 55261  97.3538 253.5684 0010352  86.9038 273.3388 15.32168049 25318
1 55261U 23007P   23181.61965336  .00011753  00000+0  37988-3 0  9999
2 55261  97.3539 254.4115 0010307  84.3068 275.9349 15.32189651 25444
1 55261U 23007P   23182.07680940  .00011320  00000+0  36586-3 0  9998
2 55261  97.3540 254.8655 0010290  82.9120 277.3292 15.32200698 25519
1 55261U 23007P   23182.40334761  .00009641  00000+0  31199-3 0  9990
2 55261  97.3540 255.1898 0010275  81.9282 278.3125 15.32206354 25569
1 55261U 23007P   23182.72988469  .00009739  00000+0  31507-3 0  9996
2 55261  97.3539 255.5141 0010244  80.8822 279.3578 15.32213039 25613
1 55261U 23007P   23183.05642021  .00009635  00000+0  31166-3 0  9990
2 55261  97.3539 255.8385 0010219  79.9355 280.3039 15.32219620 25669
1 55261U 23007P   23183.44826126  .00009240  00000+0  29896-3 0  9992
2 55261  97.3540 256.2277 0010200  78.7421 281.4966 15.32226574 25721
1 55261U 23007P   23183.64418103  .00009785  00000+0  31637-3 0  9996
2 55261  97.3540 256.4224 0010188  78.1169 282.1214 15.32231400 25754
1 55261U 23007P   23184.10132515  .00009913  00000+0  32039-3 0  9998
2 55261  97.3538 256.8764 0010172  76.8051 283.4325 15.32240361 25823
1 55261U 23007P   23184.42785473  .00010448  00000+0  33743-3 0  9998
2 55261  97.3538 257.2007 0010144  75.7680 284.4687 15.32247513 25876
1 55261U 23007P   23184.68907733  .00011107  00000+0  35847-3 0  9991
2 55261  97.3537 257.4602 0010124  74.9525 285.2837 15.32254211 25919
1 55261U 23007P   23185.14621440  .00011298  00000+0  36447-3 0  9999
2 55261  97.3536 257.9143 0010101  73.5885 286.6466 15.32264765 25987
1 55261U 23007P   23185.47273893  .00011278  00000+0  36374-3 0  9997
2 55261  97.3535 258.2386 0010081  72.5220 287.7123 15.32271852 26032
1 55261U 23007P   23185.66865298  .00011096  00000+0  35787-3 0  9999
2 55261  97.3534 258.4332 0010070  71.8919 288.3418 15.32276460 26066
1 55261U 23007P   23185.99517483  .00011686  00000+0  37665-3 0  9997
2 55261  97.3534 258.7576 0010044  71.0333 289.1997 15.32284399 26119
1 55261U 23007P   23186.45230261  .00012128  00000+0  39064-3 0  9992
2 55261  97.3532 259.2117 0010020  69.5240 290.7077 15.32295578 26182
1 55261U 23007P   23186.71351729  .00012137  00000+0  39086-3 0  9998
2 55261  97.3531 259.4712 0010000  68.6809 291.5499 15.32301916 26229
1 55261U 23007P   23187.10533664  .00013213  00000+0  42510-3 0  9994
2 55261  97.3530 259.8605 0009971  67.4604 292.7692 15.32313213 26285
1 55261U 23007P   23187.43185101  .00013322  00000+0  42848-3 0  9994
2 55261  97.3529 260.1849 0009936  66.3277 293.9007 15.32320936 26332
1 55261U 23007P   23187.75836353  .00014476  00000+0  46516-3 0  9998
2 55261  97.3528 260.5092 0009905  65.3114 294.9159 15.32330746 26384
1 55261U 23007P   23188.15017576  .00015565  00000+0  49971-3 0  9999
2 55261  97.3527 260.8985 0009877  64.2137 296.0123 15.32342866 26445
1 55261U 23007P   23188.41138214  .00015556  00000+0  49931-3 0  9997
2 55261  97.3526 261.1580 0009859  63.3842 296.8409 15.32350160 26487
1 55261U 23007P   23188.73788811  .00016840  00000+0  54005-3 0  9991
2 55261  97.3526 261.4823 0009832  62.3785 297.8454 15.32361993 26539
1 55261U 23007P   23189.12969213  .00016684  00000+0  53489-3 0  9993
2 55261  97.3525 261.8715 0009815  61.1830 299.0397 15.32374560 26591
1 55261U 23007P   23189.45619295  .00016647  00000+0  53354-3 0  9991
2 55261  97.3525 262.1958 0009797  60.1129 300.1085 15.32384748 26646
1 55261U 23007P   23189.84799178  .00014481  00000+0  46442-3 0  9997
2 55261  97.3525 262.5850 0009761  58.8515 301.3683 15.32394341 26709
1 55261U 23007P   23190.17448829  .00013540  00000+0  43433-3 0  9991
2 55261  97.3525 262.9093 0009734  57.8081 302.4103 15.32403371 26757
1 55261U 23007P   23190.50098338  .00012732  00000+0  40851-3 0  9997
2 55261  97.3525 263.2337 0009702  56.6723 303.5447 15.32410422 26801
1 55261U 23007P   23190.76217830  .00013033  00000+0  41802-3 0  9997
2 55261  97.3526 263.4931 0009677  55.7950 304.4208 15.32417479 26845
1 55261U 23007P   23191.15396814  .00013349  00000+0  42795-3 0  9993
2 55261  97.3526 263.8823 0009641  54.6622 305.5519 15.32428302 26905
1 55261U 23007P   23191.48045788  .00013279  00000+0  42560-3 0  9992
2 55261  97.3526 264.2067 0009623  53.5508 306.6619 15.32436079 26959
1 55261U 23007P   23191.74164836  .00012898  00000+0  41341-3 0  9999
2 55261  97.3527 264.4661 0009601  52.7131 307.4984 15.32442790 26996
1 55261U 23007P   23192.13343155  .00012978  00000+0  41582-3 0  9992
2 55261  97.3528 264.8552 0009572  51.5083 308.7016 15.32453646 27050
1 55261U 23007P   23192.45991525  .00013452  00000+0  43075-3 0  9994
2 55261  97.3529 265.1795 0009550  50.3811 309.8273 15.32462937 27102
1 55261U 23007P   23192.78639701  .00014225  00000+0  45519-3 0  9999
2 55261  97.3529 265.5038 0009503  49.4808 310.7260 15.32473478 27153
1 55261U 23007P   23193.11287659  .00014684  00000+0  46961-3 0  9999
2 55261  97.3530 265.8281 0009478  48.3936 311.8116 15.32483822 27201
1 55261U 23007P   23193.43935376  .00015503  00000+0  49548-3 0  9995
2 55261  97.3531 266.1525 0009443  47.2441 312.9594 15.32494454 27258
1 55261U 23007P   23193.70053419  .00016145  00000+0  51570-3 0  9995
2 55261  97.3531 266.4119 0009419  46.3319 313.8702 15.32503374 27294
1 55261U 23007P   23194.67994763  .00014852  00000+0  47424-3 0  9994
2 55261  97.3533 267.3849 0009332  43.0667 317.1303 15.32533003 27443
1 55261U 23007P   23194.74524120  .00014680  00000+0  46877-3 0  9998
2 55261  97.3534 267.4498 0009328  42.8436 317.3532 15.32534845 27453
1 55261U 23007P   23195.07170757  .00016044  00000+0  51181-3 0  9998
2 55261  97.3534 267.7742 0009297  41.7829 318.4121 15.32546381 27507
1 55261U 23007P   23195.39817165  .00015925  00000+0  50791-3 0  9997
2 55261  97.3534 268.0985 0009275  40.6019 319.5913 15.32556413 27558
1 55261U 23007P   23195.72463331  .00017503  00000+0  55765-3 0  9996
2 55261  97.3534 268.4229 0009246  39.5055 320.6860 15.32569390 27606
1 55261U 23007P   23196.11638392  .00018226  00000+0  58028-3 0  9999
2 55261  97.3534 268.8120 0009200  38.2535 321.9358 15.32583874 27664
1 55261U 23007P   23196.44283994  .00018453  00000+0  58725-3 0  9995
2 55261  97.3534 269.1364 0009171  37.0872 323.1002 15.32595411 27712
1 55261U 23007P   23196.76929397  .00016998  00000+0  54108-3 0  9997
2 55261  97.3534 269.4608 0009130  35.9744 324.2111 15.32605186 27765
1 55261U 23007P   23197.16103513  .00017659  00000+0  56171-3 0  9993
2 55261  97.3534 269.8500 0009093  34.6169 325.5664 15.32620121 27825
1 55261U 23007P   23197.42219394  .00016432  00000+0  52282-3 0  9994
2 55261  97.3534 270.1096 0009068  33.6795 326.5022 15.32627551 27863
1 55261U 23007P   23197.74864037  .00017252  00000+0  54853-3 0  9996
2 55261  97.3534 270.4340 0009040  32.4857 327.6939 15.32640042 27919
1 55261U 23007P   23198.00979585  .00017443  00000+0  55440-3 0  9996
2 55261  97.3533 270.6935 0009007  31.6083 328.5698 15.32649057 27956
1 55261U 23007P   23198.46681364  .00018742  00000+0  59508-3 0  9993
2 55261  97.3532 271.1478 0008963  29.9692 330.2061 15.32667051 28026
1 55261U 23007P   23198.72796466  .00018157  00000+0  57646-3 0  9993
2 55261  97.3531 271.4072 0008929  29.0456 331.1282 15.32675999 28068
1 55261U 23007P   23199.11968805  .00017664  00000+0  56068-3 0  9994
2 55261  97.3531 271.7965 0008893  27.6955 332.4759 15.32689654 28123
1 55261U 23007P   23199.44612059  .00020218  00000+0  64089-3 0  9998
2 55261  97.3530 272.1210 0008862  26.4596 333.7096 15.32705039 28173
1 55261U 23007P   23199.77255137  .00017745  00000+0  56283-3 0  9992
2 55261  97.3529 272.4454 0008826  25.3475 334.8198 15.32714475 28223
1 55261U 23007P   23200.09897931  .00017496  00000+0  55478-3 0  9992
2 55261  97.3528 272.7698 0008778  24.2431 335.9223 15.32726313 28271
1 55261U 23007P   23200.42540514  .00015674  00000+0  49723-3 0  9993
2 55261  97.3527 273.0943 0008750  23.0172 337.1460 15.32735364 28325
1 55261U 23007P   23200.81711354  .00015576  00000+0  49395-3 0  9994
2 55261  97.3526 273.4836 0008709  21.5726 338.5881 15.32747747 28387
1 55261U 23007P   23201.79637086  .00015884  00000+0  50320-3 0  9993
2 55261  97.3522 274.4569 0008605  17.9369 342.2175 15.32778258 28530
1 55261U 23007P   23202.12278546  .00017410  00000+0  55100-3 0  9991
2 55261  97.3522 274.7814 0008567  16.7648 343.3876 15.32790473 28588
1 55261U 23007P   23202.44919786  .00017303  00000+0  54747-3 0  9991
2 55261  97.3521 275.1059 0008534  15.5198 344.6304 15.32800198 28636
1 55261U 23007P   23202.77560854  .00016559  00000+0  52394-3 0  9993
2 55261  97.3520 275.4303 0008506  14.2741 345.8739 15.32809579 28681
1 55261U 23007P   23205.51736105  .00015757  00000+0  49734-3 0  9995
2 55261  97.3516 278.1554 0008212   3.9924 356.1382 15.32901367 29101
1 55261U 23007P   23206.56179509  .00016596  00000+0  52306-3 0  9991
2 55261  97.3516 279.1935 0008121 359.9604   0.1636 15.32937259 29267
